"chr"	"gene"	"index.snp"	"narrow.region.length"	"narrow.region.snps"	"narrow.n95"	"narrow.credible.95.start"	"narrow.credible.95.end"	"narrow.credible.95.interval"	"narrow.n99"	"narrow.credible.99.start"	"narrow.credible.99.end"	"narrow.credible.99.interval"
2	"B3GNT2"	"rs6713082"	208276	561	4	62515301	62554797	39496	14	62510388	62560332	49944
1	"DENND1B"	"rs2477077"	724181	1049	20	197595569	197781198	185629	27	197384426	197809949	425523
2	"FLJ16341_REL"	"rs1306395"	1507047	2962	24	61071302	61092678	21376	31	61068822	61160619	91797
5	"IL12B"	"rs4921482"	912295	1373	3	158764177	158766022	1845	3	158764177	158766022	1845
1	"IL23R"	"rs12044149"	689273	1791	18	67600686	67653010	52324	29	67600686	67658954	58268
2	"KCNH7_IFIH1"	"rs35667974"	594932	574	4	163110536	163224521	113985	5	163110536	163237390	126854
14	"NFKBIA"	"rs8016947"	683942	2554	30	35259151	35875021	615870	278	35225616	35892194	666578
17	"NOS2"	"rs4795067"	482352	1145	1	26106675	26106675	0	2	26106675	26118521	11846
5	"P4HA2"	"rs715285"	783424	1644	28	131420249	131556203	135954	35	131418948	131556203	137255
17	"PTRF_STAT3_STAT5A_B"	"rs730086"	723206	1085	18	40271757	40776904	505147	38	40271757	40887802	616045
20	"RNF114"	"rs6063454"	299803	908	98	48508598	48659343	150745	175	48446596	48659343	212747
1	"RUNX3"	"rs7523412"	118750	285	47	25291010	25305172	14162	52	25289734	25305172	15438
12	"STAT2_IL23A"	"rs2020854"	598673	731	86	56664231	56753822	89591	99	56634639	56753822	119183
5	"TNIP1"	"rs76956521"	619488	1632	8	150464579	150478223	13644	9	150464579	150478318	13739
6	"TRAF3IP2"	"rs33980500"	642883	1551	1	111913262	111913262	0	1	111913262	111913262	0
19	"TYK2"	"rs34725611"	373832	1039	5	10459969	10477067	17098	5	10459969	10477067	17098
22	"UBE2L3"	"rs2298428"	168674	447	84	21917239	21985094	67855	95	21916166	21998833	82667
